Start=1998-06-03 09:00
End=1998-06-04 07:00
Frames=22
EigValCov:93
EigValCor:23
EDCCov:13
EDCCor:1
MOSCor:	0
[[1.0618900195789267, 1.662391976613907, 1.1017495138690705, 1.230827279282587, 1.062445874297536, 1.1359887762919585, 1.1604400724446977, 1.3133505829858372, 1.0950513258489676, 1.058341658698849, 1.0000000000000007, 1.0000000000000002, 1.0000000000000013, 0.9999999999999996, 0.9999999999999952, 1.0000000000000004, 1.0000000000000004, 1.0, 1.000000000000001, 1.0000000000000004, 1.0000000000000007, 0.9999999999999981]]
MOSCov:	13
[[7690.903958295219, 37741.904430794224, 28041.64263111817, 31796.045862365812, 3424.8520598603795, 34446.432602951616, 28641.616112893462, 25415.532287215538, 35064.83852147335, 14851.196168006425, 0.04750000000000002, 0.03222222222222229, 17549.29555555556, 5483.876388888884, 2496.7955555555473, 0.04750000000000004, 0.03222222222222235, 0.06222222222222221, 0.047500000000000035, 0.06222222222222221, 0.032222222222222256, 0.0763888888888889]]
