Start=1998-06-18 09:02
End=1998-06-19 01:02
Frames=16
EigValCov:111
EigValCor:17
EDCCov:10
EDCCor:1
MOSCor:	1
[[1.1667385950763216, 1.0486615833682595, 1.4163617198559146, 1.1154737623912439, 1.042822063010763, 1.4224699723006402, 1.0016328504314174, 11.161148078587976, 1.6515540333786056, 1.7228706124640358, 0.9999999999999981, 1.0000000000000004, 0.9999999999999993, 1.0000000000000007, 0.9999999999999993, 1.0340719952316686]]
MOSCov:	14
[[11104.263753993757, 38606.00685752738, 56006.807505308505, 28524.198662721672, 5.067422695045436, 28567.997451382715, 55125.51566442528, 46646.511547446666, 27677.65031291469, 25227.424346628766, 6032.560833333354, 4961.4333333333325, 2753.038888888891, 4746.08333333333, 8471.009722222225, 10.140661805390955]]
