Start=1998-06-23 09:05
End=1998-06-24 07:05
Frames=22
EigValCov:101
EigValCor:24
EDCCov:13
EDCCor:0
MOSCor:	0
[[1.546750544848612, 1.2669775787609607, 1.5546022493851568, 2.2507999659309053, 2.184366625632298, 1.2615970813827595, 2.3062273942386096, 2.270211312336899, 2.0400085662627654, 2.0188021335463695, 2.027194523506634, 1.9997130660907754, 2.129891035083318, 1.9999353370909232, 2.0045616091342793, 2.0052121349816376, 1.9998642875554697, 1.9998875104628242, 1.9996002232459174, 1.999762677469409, 1.9997397004852981, 1.926302147672987]]
MOSCov:	12
[[61861.52298767921, 44016.272577399286, 80224.08147762681, 47788.31049527449, 202985.43627512225, 412952.70297752076, 45195.1188356924, 39076.19384552993, 27665.59855067437, 29490.684532657968, 1087.224001484925, 755.7451261838318, 8311.752163381161, 7070.273843087694, 2207.3454124335467, 707.7159912864814, 586.619958831891, 506.5282735892447, 428.6213860047727, 665.9357490803332, 606.2547113761517, 395.36931501939864]]
