Start=1998-07-15 09:16
End=1998-07-16 03:16
Frames=18
EigValCov:106
EigValCor:19
EDCCov:12
EDCCor:1
MOSCor:	12
[[1.0000000000000044, 1.3577643021914803, 0.9999999999999978, 1.5989047661583529, 0.9999999999999997, 0.9999999999999977, 1.0000000000000009, 1.0, 1.000000000000001, 0.9999999999999989, 4.9E-324, 4.9E-324, 4.9E-324, 4.9E-324, 4.9E-324, 3.0068476046150017, 4.9E-324, 1.0169491525423713]]
MOSCov:	12
[[2.359999999999996, 101.96275902828296, 9.612222222222247, 7.606037391591711, 61.74555555555551, 28.703055555555583, 20.616388888888892, 1.9830555555555534, 4.747500000000006, 15.84555555555557, 4.9E-324, 4.9E-324, 4.9E-324, 4.9E-324, 4.9E-324, 0.04927889129785694, 4.9E-324, 0.01666666666666663]]
