Start=1998-07-02 09:07
End=1998-07-02 14:07
Frames=5
EigValCov:80
EigValCor:10
EDCCov:14
EDCCor:0
MOSCor:	0
[[0.9999999999999994, 1.0407182667844803, 1.046351743495683, 3.008565245912543, 1.0370709537447274]]
MOSCov:	3
[[37.54555555555555, 42.2655827384835, 163.89042093543344, 0.7587772642587322, 0.4933566286428157]]
