Start=1998-07-14 09:15
End=1998-07-14 20:15
Frames=11
EigValCov:113
EigValCor:18
EDCCov:19
EDCCor:0
MOSCor:	0
[[1.2411010163155467, 1.1925207868152328, 1.0367841183920594, 1.0717715115621866, 1.0303260208340088, 2.4325341147004953, 1.435633900268424, 1.0722675156544867, 1.0807978330640104, 1.0660615995043843, 1.3472434705647318]]
MOSCov:	0
[[138.9300416291775, 634.6434415845151, 30.245500669749603, 88.57675942297455, 603.6001816492394, 371.5853222257983, 668.1056382801575, 485.6674591850393, 240.1213467101736, 186.69562708512993, 166.3419763111389]]
validate_sip(): #692300 INVALID size=6 sip=ACK' a
